F   7  3
 0  3  2  1  2  0  1  6  5  1  6  4  1  2  0  3  0  4 -1 -1
L   7  3
 0  3  2  1  2  0  1  6  5  1  6  4  1  2  0  3  0  4 -1 -1
F   7  4
 0  3  2  1  2  0  1  6  5  1  6  4  1  2  0  3  0  4 -1 -1
L   7  4
 0  3  2  1  2  0  1  6  5  1  6  4  1  2  0  3  0  4 -1 -1
F   9  6
 0  3  1  0  2  1  7  1  0  3  6  4  1  8  0  8 -1 -1 -1 -1
L   9  6
 0  3  1  0  2  1  7  1  0  3  6  4  1  8  0  8 -1 -1 -1 -1
F   9  5
 0  3  1  0  2  1  7  1  0  3  6  4  1  8  0  8  1 -1 -1 -1
L   9  5
 0  3  1  0  2  1  7  1  0  3  6  4  1  8  0  8 -1 -1 -1 -1
F   4  3
 0  3  2  3  1  0  2  1  3  1  2 -1 -1 -1 -1 -1 -1 -1 -1 -1
L   4  3
 0  3  2  3  1  0  2  1  3  1  2 -1 -1 -1 -1 -1 -1 -1 -1 -1
?   0  0 
-1 -1 -1 -1 -1 -1 -1 -1 -1 -1 -1 -1 -1 -1 -1 -1 -1 -1 -1 -1
